5
10 10
451141 34356 863413 806372 350733 36886 329669 217449 449523 522546 
483624 750813 923401 806091 298608 167038 243595 906683 568815 344599 
10 20
986778 654520 876069 263576 17968 263033 21177 993576 113373 979472 
317938 267267 847812 525114 320756 139985 254851 420153 686445 570874 913275 438323 12634 211837 910144 489792 688563 855378 399568 286085 
30 50
470126 352570 224459 518676 76841 967381 598394 18806 596919 733569 110125 239119 997503 994030 179144 416372 575689 826486 938032 542585 828012 77618 431944 46677 900800 496603 226021 967418 404391 730141 
171662 111132 505530 908522 930603 589794 942589 936469 220863 814635 362209 186803 498212 144431 767927 700840 684863 155988 161258 520894 724605 507973 287664 488006 838210 512844 552329 114222 119337 485483 665087 566736 549180 737521 612295 135638 193572 312086 228685 494218 78446 949003 572392 162734 900785 417311 812169 248477 325342 294537 
70 50
831 937817 630877 363084 403242 26020 332957 104772 761769 789214 948349 626564 527015 319256 405958 361523 659267 332014 826410 203677 339086 634141 346995 888646 37052 202593 542279 140495 379749 331779 18833 903429 269247 195961 299332 933629 153354 356478 1483 135404 444172 494239 632079 555574 687315 898983 500253 60757 323873 51683 366698 397863 318505 339784 668804 268554 751689 226942 167379 306862 197179 857096 494791 451639 236952 113104 31578 824269 550464 650562 
362810 561781 806563 384673 879762 929453 131183 920302 638770 466244 280784 318438 461971 167397 270422 937265 54222 760902 905670 240689 285957 40812 123198 368219 309365 150478 400822 566474 304724 66152 378875 135008 918746 607442 569694 864150 26802 602207 812271 340057 832371 631598 5179 371492 451610 269000 430527 357328 881792 493166 
100 100
816539 111600 255697 507836 526104 718702 772295 125177 156750 288345 804065 633275 481646 928328 22812 631344 66157 100778 584226 952567 775810 39580 173074 491655 846362 214672 334123 598972 191639 37200 578380 55917 700863 275429 609761 267207 775484 432365 110448 407213 479758 586797 324852 278589 350535 73388 593197 29757 396351 576461 820305 458085 584534 923045 252158 854656 921431 296536 734200 930806 849484 371297 291487 363960 321502 998083 253291 140678 463452 891980 664667 679827 825638 756022 34295 697881 437686 898041 818047 399917 534792 308273 80559 415902 310875 15590 315878 311683 188774 789611 484847 817058 725712 194872 798830 500346 85994 342779 70425 147172 
470308 84921 398078 925602 327685 953058 947550 202116 647338 777761 286275 958127 805684 692616 303979 574539 192195 266957 724475 458309 309044 802750 176449 523697 241490 751296 795491 200040 981010 457083 637026 125199 931845 857638 838596 451333 534429 968484 902551 758055 852053 823829 118762 375987 727092 374013 801656 108899 910013 485708 820975 25525 267826 521209 960160 972501 975106 536105 598835 849773 441286 384244 835503 815484 402995 177537 78816 281262 639070 70442 592982 463989 303013 301316 320928 624426 715960 663364 379908 235089 630650 503247 734575 879876 916880 353621 260856 249597 243856 739879 869517 389950 833270 251862 76339 614551 79451 354619 415616 640588 
